0	0.22835	0.10401	0.050669	-0.01437	-0.014586	0.13304	0.0089078	-0.0004665	-0.0063429	0.19202	0.029542	0.10821	-0.012689	-0.0041517	-0.024636	-0.014485	-0.070889	0.18727	0.070345	-0.018093	-0.013871	-0.040148	-0.0020721	0.0041615	-0.0087821	0.040171	-0.0084944	0.022301	-0.033886	-0.0094176	-0.02643	-0.021387	-0.036227	-0.042127	0.014331	0.021408	-0.03392	0.0034603	-0.043462	0.021361	0.032095	-0.011441	0.0062598	0.0013195	-0.045464	0.024442	-0.014538	-0.011061	-0.0040923	0.07343	0.016091	0.03701	-0.026786	0.02743	0.039028	0.37286	-0.036517	0.19056	0.074922	0.14596	-0.0097982	0.02143	-0.034575	-0.023855	-0.046983	-0.025982	-0.045274	0.11101	-0.009349	0.041401	-0.010233	0.039385	-0.0091978	-0.010367	0.0053095	0.044548	-0.01758	0.014775	-0.013967	0.0043607	-0.021092	-0.029076	-0.0051089	0.076146	0.0014173	0.04993	-0.021978	-0.002453	-0.018156	-0.0074599	0.00078448	-0.046227	-0.03611	-0.0021243	-0.015649	-0.0062926	0.0030217	0.010508	0.053704	-0.020636	0.0054104	0.0046523	0.023904	-0.0085429	-0.0050132	0.015147	0.0073533	-0.0073758	0.00472	-0.028088	-0.0090354	-0.0013404	0.037657	-0.025977	9.4958e-05
0.22835	0	-0.01548	0.080073	0.010725	-0.022336	-0.06747	0.12907	-0.003685	-0.023926	-0.0065954	0.20716	-0.053975	-0.014653	0.0046045	0.021009	0.0019725	0.11906	0.080083	0.20299	-0.02006	0.0062591	-0.012401	-0.010639	0.014401	0.001529	0.015779	0.0094203	-0.055433	0.0035117	-0.010507	0.031983	-0.032545	-0.010919	-0.034656	0.014668	0.012295	6.6602e-05	-0.030742	0.034127	0.020115	0.0079201	0.016993	0.011911	0.022183	0.010631	-0.046161	0.041371	0.0016901	0.02358	0.029809	-0.025966	-0.036655	0.057596	0.05165	0.002284	0.21284	0.53138	-0.024831	0.051597	0.007604	-0.0023388	-0.12799	0.025193	-0.016609	0.00032379	-0.00092248	-0.041926	0.095907	0.03912	0.0064029	0.0024342	-0.019889	0.036803	-0.0090968	0.031944	-0.032159	0.01823	-0.0067325	0.036106	-0.026875	0.010121	-0.010481	0.0040614	-0.0081878	0.010631	-0.0059455	0.031795	-0.0058026	-0.022089	-0.024722	-0.03769	-0.02022	0.0020524	0.00031502	0.0077588	0.0051056	-0.025546	0.082366	-0.0035704	-0.020945	-0.0032948	-0.037436	0.014759	0.036864	-0.014604	-0.0032496	-0.0068241	-0.016292	0.011326	-0.0010181	-0.016958	0.013815	-0.01818	-0.0050518	0.01262
0.10401	-0.01548	0	0.22992	0.051457	-0.016336	0.52258	0.030304	0.047402	-0.028418	0.0019684	-0.078818	0.021155	-0.050063	0.044905	-0.00423	-0.03518	0.00081345	0.14669	0.013463	0.016083	-0.0051701	0.35904	0.17575	0.04734	-0.013805	-0.014469	-0.010567	0.040415	-0.01665	2.206e-05	0.01522	0.035488	-0.014927	0.012438	0.0034135	0.00096601	-0.016626	-0.01459	0.0043271	-0.00069581	0.0060039	-0.060563	-0.037575	0.016826	0.0092231	0.020732	-0.0080973	0.017867	-0.020638	0.024548	-0.04116	-0.0027077	0.0035675	0.013952	-0.02404	-0.016313	0.026791	0.040987	-0.022676	0.0031051	-0.026349	0.0015393	0.020177	0.15093	-0.066181	0.11442	-0.0078101	0.036511	0.0048268	0.065987	0.0098131	0.0057473	-0.010648	-0.001131	-0.028782	0.0030208	0.0090367	-0.013421	-0.0072963	-0.034399	0.021114	0.012434	-0.0069061	0.051716	0.0061825	0.017461	-0.0011121	0.053109	-0.049112	-0.049674	0.029219	-0.012463	0.048712	0.02349	0.013431	0.0049585	-0.030404	-0.0044673	0.057471	-0.020735	0.034344	-0.0030085	0.010356	-0.016008	0.0032253	0.018575	-0.0068249	0.0077296	-0.0054999	0.0033891	-0.0048454	-0.048819	0.0032794	0.001833	0.022135
0.050669	0.080073	0.22992	0	-0.041551	0.073811	0.14052	0.44	-0.039073	0.043732	-0.040314	0.037854	-0.089353	-0.028315	-0.053633	-0.04192	-0.035094	-0.050577	0.051416	0.18413	0.0040661	0.023955	0.039215	0.35295	0.01971	0.026581	0.0019326	0.014133	-0.014871	0.0062987	-0.041404	0.052576	-0.053424	0.026669	-0.018373	0.023521	-0.017374	-0.0018844	0.020847	0.024123	-0.0067314	-0.021669	0.018932	0.00039994	0.0025299	0.013155	-0.011499	-0.0067289	-0.031785	0.003325	-0.010733	0.070673	-0.017228	-0.046075	0.00065271	-0.034685	-0.017639	0.060891	-0.017007	0.087906	-0.028835	0.055521	-0.028985	-0.0673	-0.033804	0.093602	-0.012155	0.14266	0.015102	0.0049793	0.031766	0.051208	0.031424	-0.0082937	-0.020179	0.0042454	-0.047564	0.054397	0.0085041	-0.007333	-0.011395	0.013677	-0.020268	-0.0179	-0.047866	0.041875	-0.00068789	0.013886	-0.033591	0.045899	0.049814	0.032398	0.026437	0.012792	-0.0026431	0.036814	-0.042847	-0.0050558	0.047132	-0.011016	0.0077018	-0.023595	-0.011713	-0.011763	0.050532	-0.025078	-0.02229	0.014246	-0.0047603	-0.00040159	0.017561	0.011338	0.01661	-0.012556	0.021194	-0.026317
-0.01437	0.010725	0.051457	-0.041551	0	0.18684	0.055058	0.0024927	0.39318	0.046458	-0.021467	0.0068372	-0.035641	-0.05326	0.060313	-0.017255	-0.0063587	0.011826	-0.0076326	0.002477	0.022909	0.0052613	0.020078	-0.015707	0.22554	0.049762	0.18257	0.045035	0.027492	-0.015657	0.035767	0.00091237	0.05279	-0.0083373	-0.016564	-0.010142	-0.0040693	-0.0047888	0.010008	-0.019003	-0.018178	-0.018346	0.014992	0.0088788	0.0030914	0.023609	-0.012621	-0.026734	0.0079395	-0.010344	-0.010299	-0.010515	0.0029774	0.012372	-0.020964	0.0047035	-0.027904	0.016726	0.020329	0.029304	0.0068276	-0.023709	0.012008	0.029829	-0.013501	-0.027469	-0.0054696	-0.016223	-0.023644	-0.025953	0.0030437	0.022276	0.00050172	0.022289	-0.0026023	0.012601	0.01453	-0.0024032	-0.0099799	-0.015727	-0.00025446	0.008566	0.021111	-0.035366	0.03358	-0.0030838	0.019618	0.0098231	0.0048685	0.0042004	-0.0064622	-0.011119	0.008081	0.012162	-0.011419	0.020008	0.013192	-0.0025026	-0.0029547	0.035087	-0.0050222	0.00086485	0.013389	0.011999	-0.0046002	-0.005029	-0.00693	0.01455	-0.0016062	-0.026412	-0.0066227	0.0060626	-0.010034	-0.025147	0.025731	0.027478
-0.014586	-0.022336	-0.016336	0.073811	0.18684	0	0.012156	0.072084	0.06133	0.37568	-0.004687	-0.011073	0.01028	-0.025278	0.015672	0.036725	-0.013218	0.010368	0.016557	-0.012189	-0.0065254	0.021328	-0.022701	0.018431	0.030078	0.24546	-0.036576	0.23579	-0.017386	-0.013498	0.028119	-0.0037367	-0.01479	0.018863	-0.035346	0.0016455	-0.023711	-0.0011226	-0.011906	0.013575	-0.02129	-0.022008	-0.028423	-0.0030747	-0.0072595	0.021538	-0.024853	0.044485	0.027159	0.0076712	-0.017215	-0.044889	-0.024402	-0.023038	0.021954	0.0065923	0.0063545	0.0021697	0.0019871	0.011578	0.016617	0.015142	0.00044657	-0.0076339	-0.017198	-0.0055398	-0.033961	0.0061442	0.006131	-0.015283	0.027771	0.0030049	-0.017056	0.013712	-0.018846	0.0038344	-0.012691	-0.0092417	0.0094415	0.00012407	0.018826	0.01993	-0.019155	0.027002	0.0023065	0.0011204	0.0027575	0.035583	0.01252	-0.025027	0.0076879	0.01259	0.018783	0.016536	-0.02039	-0.003358	-0.0055961	0.017786	-0.0063149	0.010424	-0.0057478	0.010359	0.012495	0.00051435	-0.0017627	0.0027695	0.012128	-0.0029235	0.014389	0.00051253	-0.0092294	0.01117	0.00063475	0.0071332	-0.0053834	0.019709
0.13304	-0.06747	0.52258	0.14052	0.055058	0.012156	0	0.22968	0.13086	0.063038	0.10329	0.017852	0.24298	-0.08688	-0.010778	-0.059119	-0.031043	-0.027487	0.036161	-0.0051974	-0.028663	0.010412	0.082266	-0.094305	-0.051477	-0.062481	-0.021217	-0.019133	0.077604	-0.017848	0.012161	-0.0082412	0.099668	-0.036724	0.02198	-0.032869	-0.013828	0.0027314	0.010841	0.022375	0.0012287	-0.029551	0.052684	-0.044284	0.017049	0.017611	-0.039578	0.053651	-0.04887	0.019036	-0.021392	-0.0086033	-0.0093156	-0.046733	-0.029004	-0.0038218	-0.029687	-0.038503	-0.015163	-0.022165	0.24932	0.05606	-0.01484	-0.055643	0.13939	-0.072409	0.095477	-0.05742	-0.0064215	0.010047	0.011741	0.081548	0.034702	-0.040386	-0.010221	-0.0025502	0.017614	-0.023659	-0.00015112	0.019014	-0.0095746	-0.016725	-0.02271	0.0011982	0.014221	-0.05358	-0.0053009	-0.017676	-0.038491	0.060596	-0.015641	0.065522	-0.019942	0.040754	0.028515	-0.011827	-0.0099003	-0.015191	-0.0096476	0.054671	0.02028	0.034431	0.0080275	0.046634	-0.016452	-0.00133	-0.022899	0.013389	0.021516	-0.018338	-0.023028	-0.018502	0.015577	-0.030553	0.00055036	-0.0043889
0.0089078	0.12907	0.030304	0.44	0.0024927	0.072084	0.22968	0	0.0049409	0.098496	0.0029804	0.24009	0.03387	0.27054	-0.024935	-0.0036655	-0.049172	-0.0047873	0.062556	0.062544	-0.030672	0.015493	0.0098297	0.065026	-0.032909	-0.079995	0.011615	-0.016515	-0.032111	0.036757	-0.044899	0.029661	-0.02473	0.060637	-0.0031724	-0.028029	-0.0059241	-0.016628	-0.020121	-0.0010842	-0.0027417	0.0099801	0.021495	0.053577	0.0058157	-0.019142	-0.018304	-0.045607	-0.021564	0.052369	-0.034353	-0.022645	0.033258	-0.014171	-0.0062592	0.0090575	-0.057096	-0.058678	-0.028249	0.085495	0.014378	0.23672	-0.077301	0.052068	-0.044138	0.052584	-0.041908	0.026524	-0.01322	-0.015717	0.035936	0.0070581	-0.018445	0.054078	0.010381	-0.021094	0.033409	-0.017345	0.0092268	-0.043461	0.045819	-0.018392	-0.00853	-0.011554	8.0115e-05	-0.023208	-0.0048012	-0.042813	0.054004	-0.0074263	0.073017	-0.058695	0.061967	-0.037806	0.0020738	0.018	0.018909	-0.013945	-0.008102	0.019642	0.020366	0.024342	0.046994	-0.0056065	0.0032575	-0.018638	0.01472	-0.029578	-0.010592	0.015387	-0.026273	-0.008239	0.024412	-0.003785	-0.020832	-0.0025598
-0.0004665	-0.003685	0.047402	-0.039073	0.39318	0.06133	0.13086	0.0049409	0	0.16868	0.0061949	0.013339	0.076665	0.0010221	0.30392	0.010513	-0.016993	-0.00029367	-0.0081088	-0.0024248	-0.032768	-0.0038966	-0.036754	-0.019625	0.0016854	0.060527	-0.045817	0.00016119	0.010042	-0.017482	-0.00092148	-0.026176	-0.015431	0.00062502	0.0042071	-0.0028979	-0.0072577	0.0037804	-0.01556	-0.024699	-0.015116	-0.0014661	-0.0022982	-0.007166	-0.032766	0.0022362	0.05037	0.018832	-0.00081581	0.0042693	-0.0017079	-9.2555e-05	0.0068777	-0.011447	-0.0057351	-0.005593	-0.0061498	-0.012108	-0.0060617	-0.0032293	0.047505	0.043882	-0.026724	-0.019608	0.028239	0.015871	-0.0067828	-0.049116	0.01491	0.0018634	0.012519	0.035832	0.027952	-0.021313	-0.022963	0.0014404	-0.013045	-0.027765	-0.0040022	0.034541	0.010533	-0.0058867	-0.038394	0.004767	-0.013037	-0.03083	0.022618	-0.0085033	0.04553	-0.0020653	-0.0058986	0.00037973	0.0051916	0.0057323	0.037059	0.0087971	-0.0022385	-0.01298	-0.019431	0.0027997	0.013356	0.0057047	0.014668	-0.013835	0.018087	-0.016921	0.020623	-0.013788	-0.01333	-0.014716	-0.010219	-0.005483	0.013669	0.011454	-0.0041445	0.014071
-0.0063429	-0.023926	-0.028418	0.043732	0.046458	0.37568	0.063038	0.098496	0.16868	0	0.013832	-0.034436	0.0063923	0.060225	0.046348	0.3193	-0.0075913	0.010068	-0.0035965	-0.037413	0.0049611	0.012533	-0.031516	-0.02703	0.01522	0.047141	0.014699	-0.044096	-0.027422	-0.034181	-0.023884	-0.017294	0.014162	-0.016246	-0.016173	-0.017087	-0.0094673	0.042159	0.024072	0.0017756	0.00026253	-0.018555	-0.031555	0.015296	-0.013718	-0.003314	0.020388	0.0025819	0.040747	-0.0020519	0.010652	0.014	0.02248	0.0056591	-0.026579	-0.032336	-0.0087913	-0.033487	-0.053927	0.019016	0.049565	0.06037	-0.0035526	0.005674	0.017928	0.0055197	0.015991	-0.048509	0.0032863	0.016273	-0.0053028	0.025229	-0.0042525	-0.01432	0.011965	0.0018864	-0.01627	0.029042	-0.0010559	0.010332	0.0074598	0.00029478	-0.032795	-0.044806	-0.03657	0.0089691	-0.022367	0.0015545	-0.033307	0.057584	-8.0097e-06	0.0215	-0.0087867	0.01632	-6.7684e-05	0.010107	0.00017927	0.0018644	0.0011218	0.020127	0.0032613	0.017458	-0.018623	0.0095863	-0.013273	0.0077179	-0.00056852	0.027302	-0.011676	-0.0059158	-0.0024892	-0.020979	-0.00096967	0.0013848	-0.01167	0.0078896
0.19202	-0.0065954	0.0019684	-0.040314	-0.021467	-0.004687	0.10329	0.0029804	0.0061949	0.013832	0	0.16965	0.43371	0.026667	0.028855	0.0030385	0.23584	0.022065	0.094482	0.0036332	-0.012339	-0.027662	0.039379	-0.042401	-0.034989	0.014542	-0.0072625	-0.013187	0.23966	0.031738	0.006625	0.0030415	0.036162	0.026941	-0.0013713	-0.023971	0.0054829	-0.029081	0.0020832	-0.0031678	0.0059291	0.0020303	0.019527	-0.01885	-0.012778	-0.0032267	-0.0038073	0.0063015	0.035226	-0.0084404	0.042111	-0.026936	-0.0072612	-0.010638	0.039222	-0.008855	-0.0051811	-0.09433	0.019483	-0.013283	0.11196	0.041391	0.15111	0.058787	-0.035417	-0.06029	-0.063331	-0.049983	-0.059378	-0.022079	-0.010781	0.026257	0.021895	0.0096714	0.02976	-0.024075	0.025439	0.0074077	-0.082389	-0.049494	-0.021086	-0.0034428	0.02976	-0.003377	0.028397	-0.0039913	-0.035482	0.014353	-0.015949	-0.030317	0.0017586	0.012173	-0.022251	-0.020203	-0.015269	-0.028378	-0.015245	-0.0074238	-0.034338	0.046798	0.0041034	-0.0021541	-0.022262	0.017874	-0.016233	-0.010359	-0.021184	-0.0027904	0.01365	0.014057	0.033774	-0.046674	0.022169	0.0097323	0.018054	-0.0016335
0.029542	0.20716	-0.078818	0.037854	0.0068372	-0.011073	0.017852	0.24009	0.013339	-0.034436	0.16965	0	0.06517	0.43235	-0.040659	0.042856	-0.016837	0.16699	0.071722	0.051384	-0.0115	-0.017291	-0.011052	-0.039033	0.0035847	0.016864	-0.021846	-0.0052923	-0.011512	0.17868	0.009993	0.0071188	-0.041517	0.044407	-0.011377	0.021653	0.015421	0.025176	-0.0038045	0.0048999	-0.01408	-0.00058053	0.016075	-0.0033838	-0.015747	-0.014509	0.013349	-0.0014307	0.002869	0.0041633	0.012393	-0.023113	0.015694	0.020803	-0.020753	0.0046273	-0.067506	-0.048369	-0.020409	0.041484	0.012954	0.10805	-0.011076	0.14606	0.0037777	0.0097039	-0.093304	-0.035046	-0.028594	-0.032317	0.010894	0.018226	0.00264	0.070089	0.026688	0.0044851	0.0054196	0.030566	-0.021794	-0.056692	-0.010295	-0.00097383	0.01081	0.088792	-0.04403	0.047253	-0.017504	-0.028264	0.024434	0.038023	0.053861	0.0037926	-0.033276	-0.027223	0.022785	-0.016838	-0.029866	-0.0092061	0.011994	0.038252	0.024948	-0.02441	0.0052895	-0.0041902	-0.012347	-0.0061153	-0.017415	0.011886	-0.0041875	0.0064183	0.0042928	-0.018003	-0.020015	-0.00013787	0.0014576	-0.029384
0.10821	-0.053975	0.021155	-0.089353	-0.035641	0.01028	0.24298	0.03387	0.076665	0.0063923	0.43371	0.06517	0	0.24628	0.1808	0.023408	-6.7171e-05	-0.029348	-0.016952	-0.04038	-0.0084281	-0.0032747	0.030447	0.00095876	-0.030748	-0.021602	-0.018807	-0.05079	0.08294	-0.0026241	0.01365	0.035869	0.047891	-0.006971	0.0068671	-0.054149	-0.012683	-0.019084	-0.022241	-0.0088101	0.033188	0.0084903	0.029616	0.014672	-0.013806	-0.025253	-0.008485	-0.028111	0.023382	0.0032582	-0.0099342	0.0552	0.010623	0.019458	0.0025991	0.0051299	-0.00041843	-0.041093	0.044954	-0.01867	0.09915	-0.00059836	0.017153	0.05838	0.04674	-0.040093	-0.0051349	-0.059958	-0.027026	0.019893	0.020256	0.040741	0.02706	-0.0067313	0.008842	0.034979	0.013942	-0.0021502	-0.020938	0.010895	0.040883	0.018389	0.034012	-0.017517	0.045715	0.0033654	-0.038026	-0.049692	0.031573	0.028035	0.0035442	0.013956	-0.02525	0.028105	-0.0037027	-0.013268	0.0086179	0.0054303	-0.023397	-0.012321	0.0038885	0.03911	0.0031003	-0.025108	-0.013211	0.016877	-0.007483	0.013941	0.02656	-0.0038584	0.0073065	-0.010994	-0.0008131	0.036482	-0.010263	0.0013318
-0.012689	-0.014653	-0.050063	-0.028315	-0.05326	-0.025278	-0.08688	0.27054	0.0010221	0.060225	0.026667	0.43235	0.24628	0	0.010479	0.31015	-0.014268	-0.010633	-0.010197	0.022968	-0.0050638	-0.03925	0.030824	0.11454	-0.020477	-0.0275	-0.019061	-0.020414	-0.052526	0.038735	-0.0056444	0.016372	-0.055646	-0.0010411	0.0026823	0.0077259	-0.0017396	0.019991	-0.00066076	-0.016721	0.0047233	0.019018	0.0076138	-0.016372	0.0067176	-0.026957	0.012674	-0.024752	-0.0071447	0.018176	0.029637	0.013629	-0.0015653	-0.019951	0.028993	-0.0090413	0.025428	0.012821	0.0036088	0.0021696	-0.034383	0.032267	-0.05241	0.0033005	-0.018037	0.11483	-0.030702	0.0030839	-0.0056277	-0.015527	0.05729	-0.0098374	-0.012671	-0.011219	-0.00025976	0.0078581	-0.020182	0.036041	0.0015975	-0.039291	-0.0021501	0.015667	-0.041916	-0.014832	0.027509	0.080084	-0.0057789	-0.020822	0.0005048	-0.0002076	-0.022206	-0.023789	0.060802	-0.011399	-0.027291	0.0090552	-0.014098	0.045202	-0.023309	-0.018611	0.0079063	0.003733	-0.0016883	0.0070801	-0.01175	-0.016043	0.0023419	0.0039093	0.011663	0.0013973	-0.0013348	0.0021331	-0.0084184	0.015605	0.010053	0.0058222
-0.0041517	0.0046045	0.044905	-0.053633	0.060313	0.015672	-0.010778	-0.024935	0.30392	0.046348	0.028855	-0.040659	0.1808	0.010479	0	0.21841	-0.052005	-0.0087987	0.0087309	0.016789	0.082976	0.037031	0.06416	0.0025505	-0.0012353	0.0054696	0.08189	0.061749	0.094765	0.029332	0.0067599	-0.0013587	-0.030999	-0.025152	0.026572	-0.063655	-0.0060958	-0.037867	0.048999	-0.017619	-0.011155	-0.012952	0.049091	-0.033342	0.0037465	0.013065	-0.0059028	-0.0061467	0.00037629	-0.00094461	-0.025573	-0.018114	0.015452	0.0127	-0.003912	0.010264	-0.026029	-0.017401	-0.027468	0.0039258	0.02261	0.027057	-0.01717	-0.013076	0.035168	0.030971	-0.012885	-0.0045438	-0.0084266	-0.0066133	-0.025808	0.022843	-0.0066754	0.015576	0.044096	-0.0018457	0.024737	0.02158	0.026325	-0.0068043	0.01379	-0.042707	0.23171	-0.021574	0.097692	0.018163	0.11693	0.02163	0.058081	-0.0081474	0.019132	0.0023179	-0.01236	0.019729	-0.0063344	-0.031337	0.019612	-0.011136	-0.0018155	-0.034043	0.016116	-0.010808	0.00969	0.0062154	2.0271e-05	-0.024517	0.012446	0.0027052	-0.014472	0.031726	0.0090532	-0.015056	0.026159	0.0040383	-0.0076585	0.0018366
-0.024636	0.021009	-0.00423	-0.04192	-0.017255	0.036725	-0.059119	-0.0036655	0.010513	0.3193	0.0030385	0.042856	0.023408	0.31015	0.21841	0	0.011663	-0.047401	0.010433	0.0393	0.020107	0.090573	0.056619	0.080116	0.0019174	0.029914	0.015284	0.085635	0.0046676	0.088697	-0.01365	0.0066374	-0.001058	-0.031251	0.018452	-0.001197	-0.043604	-0.034339	-0.014689	0.011564	-0.015581	-0.018198	0.022372	-0.04108	0.0043114	-0.014622	0.014377	0.0023444	-0.016138	0.0015289	0.017336	-0.034492	-0.033124	0.0057089	0.019075	-0.00067923	-0.0074786	-0.021252	-0.033195	0.012712	-0.033815	0.033098	-0.0013128	-0.011813	-0.016307	0.053783	-0.029305	0.010046	-0.0059265	0.00091012	-0.0098439	0.021408	-0.0071682	-0.0035032	0.020019	0.022209	0.0035049	0.019933	0.01583	-0.0082978	-0.020838	0.024937	0.057054	0.22987	-0.0308	0.061011	0.027948	0.13048	-0.032808	0.045352	0.04709	-0.0050534	0.01887	0.015803	-0.0077242	-0.00049484	-0.0078397	0.013291	0.01185	0.0033988	-0.0017262	-0.024922	0.010876	0.008546	-0.026326	-0.0069581	-0.010863	0.019388	0.0088416	-0.0026091	-0.0043873	-0.015902	-0.012225	0.033742	0.011557	-0.021213
-0.014485	0.0019725	-0.03518	-0.035094	-0.0063587	-0.013218	-0.031043	-0.049172	-0.016993	-0.0075913	0.23584	-0.016837	-6.7171e-05	-0.014268	-0.052005	0.011663	0	0.28515	0.035311	0.011032	-0.029424	0.026209	-0.038506	0.014674	0.00097348	0.0096839	-0.023367	0.012046	0.2757	0.054478	0.045515	0.039669	-0.036478	0.026461	0.0007228	-0.0033063	0.023218	0.045724	0.00064344	-0.013275	-0.028312	-0.013536	-0.0013679	0.012951	-0.016421	0.014207	0.0033285	-0.023849	-0.023861	0.024323	-0.023968	0.021724	-0.0018951	0.010167	0.010051	-0.036535	0.21381	0.0044552	-0.048658	-0.027346	-0.071496	-0.0044886	0.23319	-0.0095681	-0.012345	0.035351	0.022974	-0.021947	0.035077	-0.014353	-0.039828	-0.041679	0.012767	0.014953	-0.022995	-0.0072981	-0.014577	0.02495	0.30281	0.056471	0.23682	-0.017877	0.034602	-0.033304	-0.091955	-0.035818	0.019563	-0.00064496	-0.025466	0.034218	-0.02927	0.01725	0.016236	0.010251	0.0029035	0.011355	0.012125	0.0037687	0.037732	-0.029322	0.032013	0.00094584	-0.010163	-0.0019974	-0.012985	0.016729	-0.035011	-0.0087722	0.017397	0.0017756	0.038953	0.01599	-0.015654	0.01553	-0.039668	0.01261
-0.070889	0.11906	0.00081345	-0.050577	0.011826	0.010368	-0.027487	-0.0047873	-0.00029367	0.010068	0.022065	0.16699	-0.029348	-0.010633	-0.0087987	-0.047401	0.28515	0	0.012466	0.022853	-0.030741	-0.030452	-0.012829	-0.054788	0.011362	0.0063601	-0.0038805	-0.0018422	-0.0097488	0.18853	0.0042358	0.053392	0.0011814	0.029885	0.0098369	0.0060589	0.018389	0.00226	-0.003076	0.0053706	0.0056245	0.041415	-0.012348	0.0071506	0.001159	0.03646	0.00019973	0.048656	0.016365	0.020653	-0.01592	-0.024898	0.014058	-0.034295	0.0015569	0.033769	0.04974	0.19413	-0.04602	-0.026321	-0.013735	-0.087976	0.10541	0.23611	0.0037415	-0.0013711	0.0018184	-0.0081737	-0.0020953	0.013601	-0.023568	-0.018933	0.0082371	0.022965	0.0045255	-0.028967	0.014114	-0.017189	0.0068174	0.37841	0.050229	0.17839	0.015181	0.081455	-0.0019879	-0.10771	0.031534	-0.034413	0.040823	-0.0567	-0.010409	-0.024588	0.0094131	-0.012088	0.00022845	-0.012047	0.0093439	-0.017399	-0.017064	0.075686	-0.0010545	-0.0017534	-0.036797	-0.011654	0.040308	-0.005171	0.01285	-0.010982	-0.00091376	-0.04991	-0.01588	0.004946	-0.029313	0.022805	-0.011579	-0.019525
0.18727	0.080083	0.14669	0.051416	-0.0076326	0.016557	0.036161	0.062556	-0.0081088	-0.0035965	0.094482	0.071722	-0.016952	-0.010197	0.0087309	0.010433	0.035311	0.012466	0	0.65719	-0.014454	-0.037763	0.14096	-0.026347	-0.065107	-0.025717	-0.0014898	0.00027588	0.077159	0.047626	0.018299	-0.059669	0.1219	0.03297	-0.028519	-0.0059919	-0.044751	-0.056736	0.016441	0.010066	0.007932	-0.0092905	0.0096366	0.041136	0.011459	0.0018058	0.066377	0.0037786	-0.0069226	-0.024957	-0.058864	-0.032877	-0.019569	0.036877	-0.031518	0.025854	0.017681	-0.041915	0.029391	-0.016177	0.015291	-0.0050922	0.08816	0.018283	-0.12516	-0.07394	0.0040825	-0.021031	0.16888	-0.024349	-0.013201	0.048464	0.039104	-0.034711	0.02015	0.030021	0.039675	0.024421	-0.055702	0.045216	-0.034206	0.015557	0.021983	0.019495	-0.014177	0.025692	-0.016603	-0.018264	-0.020698	0.0076419	-0.014874	0.027471	-0.029716	0.0042288	0.0089238	-0.0083062	-0.0079941	-0.0040242	-0.0040491	0.031895	0.006755	-0.0022177	-0.0081186	-0.030775	-0.00043285	-0.020627	-0.0090517	0.022853	-0.015054	0.00273	0.002255	0.020995	0.00035253	0.0021949	-0.00364	0.028189
0.070345	0.20299	0.013463	0.18413	0.002477	-0.012189	-0.0051974	0.062544	-0.0024248	-0.037413	0.0036332	0.051384	-0.04038	0.022968	0.016789	0.0393	0.011032	0.022853	0.65719	0	-0.025216	-0.0050923	0.0075833	0.069035	-0.031622	0.016221	-0.0076431	0.024288	0.0019357	-0.020636	-0.025148	-0.0030517	-0.017382	0.14396	-6.4236e-05	0.0034423	-0.0089628	-0.012992	-0.0071223	0.012832	-0.010174	-0.0067176	0.032779	0.0027993	-0.015074	0.00099458	-0.026777	-0.023072	0.042186	-0.013145	-0.040704	-0.040545	-0.0029127	-0.020335	0.036595	-0.022219	0.035984	0.033376	0.031293	0.050474	-0.03934	-0.013726	-0.022025	0.017604	-0.017642	0.018664	-0.017459	-0.030646	0.15298	0.18049	0.026046	0.006345	-0.018218	0.10707	0.0059003	0.00033007	0.024442	0.039657	0.0094105	-0.017345	0.052312	0.0094748	0.01816	-0.04823	0.005755	0.0010066	-0.00066811	0.0068001	0.0073335	-0.025999	0.010329	-0.041186	0.025434	-0.030687	-0.0033471	0.0036118	0.023685	0.014636	0.048404	-0.0023806	-0.014092	-0.025084	0.03198	0.015972	-0.0088893	0.0062498	-0.0076822	-0.012654	-0.014049	-0.0084835	-0.044668	-0.027543	-0.024206	0.013134	0.011388	-0.035104
-0.018093	-0.02006	0.016083	0.0040661	0.022909	-0.0065254	-0.028663	-0.030672	-0.032768	0.0049611	-0.012339	-0.0115	-0.0084281	-0.0050638	0.082976	0.020107	-0.029424	-0.030741	-0.014454	-0.025216	0	0.30895	-0.024416	-0.016422	0.0016778	0.028939	0.1287	-0.012154	0.015564	0.025684	0.064967	0.033485	-0.019499	0.0011134	-0.0013656	0.016824	0.018196	0.01927	0.089863	-0.020665	0.17245	0.025562	-0.0036576	-0.020957	-0.014477	0.003482	-0.0017732	0.042223	0.013084	-0.017056	-0.0048899	0.025232	0.019734	0.0012055	-0.019611	0.0025566	0.010509	-0.015644	0.034861	0.02986	-0.0053215	-0.0066641	-0.00057092	-0.014455	0.0058086	-0.0024516	0.011765	-0.046524	-0.010735	0.0037831	0.096054	-0.018218	0.026994	-0.037636	0.0038125	-0.0032533	-0.00010516	0.044535	-0.0095793	-0.018888	-0.017259	0.0020676	0.074886	0.020858	0.0020208	0.008446	0.017842	0.023021	-0.016388	0.0014502	-0.024182	-0.0023835	0.0071718	-0.012085	0.032487	-0.0086855	-0.020461	0.010067	0.012258	-0.00056654	0.020326	0.0042812	-0.024564	-0.018703	-0.038566	-0.016734	-0.0086005	0.018357	0.0032926	0.0504	-0.025785	-0.031091	0.04527	-0.01624	-0.023375	-0.00068007
-0.013871	0.0062591	-0.0051701	0.023955	0.0052613	0.021328	0.010412	0.015493	-0.0038966	0.012533	-0.027662	-0.017291	-0.0032747	-0.03925	0.037031	0.090573	0.026209	-0.030452	-0.037763	-0.0050923	0.30895	0	-0.010642	-0.0081345	-0.028321	0.014624	-0.0023078	0.17796	0.0012935	0.050211	0.013224	0.069651	0.0085781	-0.023092	-0.0087444	-0.0087512	0.01169	-0.015506	0.0069049	0.099424	0.0015127	0.152	0.023816	0.0086228	0.021787	0.018441	0.023675	-0.024934	-0.017296	-0.0042009	0.00384	-0.026292	0.04619	-0.026609	-0.00074247	0.032516	-0.026017	0.011249	-0.0072509	0.010359	0.0099579	-0.010307	-0.0073061	0.017232	0.028409	-0.012567	-0.021335	0.027319	0.020772	-0.0052287	0.034424	0.060173	-0.0073988	0.0029756	0.016695	-0.0045916	0.038387	-0.020283	0.0043196	-0.0025705	0.013747	-0.013557	0.035881	0.051431	-0.016477	-0.028369	0.035815	0.014256	0.027493	0.0034274	-0.014878	0.00077959	0.0031808	-0.0022428	0.0015944	0.0089113	-0.024247	0.0024442	-0.024775	0.011693	0.017082	0.0074871	-0.012437	-0.0044204	0.0083649	-0.010082	-0.015245	-0.0016939	0.0013215	-0.0023561	0.0021297	-0.028989	-0.0021226	0.011866	-0.021757	0.009932
-0.040148	-0.012401	0.35904	0.039215	0.020078	-0.022701	0.082266	0.0098297	-0.036754	-0.031516	0.039379	-0.011052	0.030447	0.030824	0.06416	0.056619	-0.038506	-0.012829	0.14096	0.0075833	-0.024416	-0.010642	0	0.55735	0.13377	0.023296	-0.011338	-0.010622	-0.013488	0.012149	0.20637	0.077138	0.09133	0.052445	0.068691	0.01773	0.0021661	-0.037907	-0.010604	0.025921	0.0012977	0.037985	0.029821	0.024246	-0.01347	-0.022087	0.0049792	-0.030111	0.0076905	0.025903	-0.058298	0.024234	0.017698	-0.007169	-0.028568	0.010934	-0.025715	-0.0071621	-0.081751	-0.093769	-0.069292	-0.043664	-0.020259	-0.022612	0.094042	0.050255	0.041047	-0.010761	-0.0027843	0.036109	0.041133	0.028451	-0.0022689	-0.01702	-0.0015308	0.020921	0.00049465	-0.001067	-0.0047555	0.054186	-0.045797	-0.0037149	0.058118	-0.0069271	0.027927	0.010634	0.034873	0.053475	0.012916	-0.0097178	-0.006251	0.0097129	0.012445	0.035647	-0.013977	0.0078597	0.010551	-0.0138	-0.053383	0.0084885	-0.014856	-0.00047838	-0.011787	-0.046984	-0.005573	0.012581	0.021174	-0.03482	0.016608	-0.022642	0.015716	-0.026123	-0.018959	0.03307	0.042063	-0.030421
-0.0020721	-0.010639	0.17575	0.35295	-0.015707	0.018431	-0.094305	0.065026	-0.019625	-0.02703	-0.042401	-0.039033	0.00095876	0.11454	0.0025505	0.080116	0.014674	-0.054788	-0.026347	0.069035	-0.016422	-0.0081345	0.55735	0	0.037898	0.13019	0.0064797	-0.01314	-0.0082331	-0.019514	0.081202	0.16037	-0.043401	0.025992	-0.013952	0.022419	-0.0069245	-0.013291	-0.010987	-0.037553	-0.0072224	0.017438	0.022751	-0.024088	0.012221	0.0061155	0.01515	-0.012586	0.0051081	-0.067748	0.058674	-0.030845	0.0088792	0.023243	0.031553	0.019762	0.073347	0.01781	-0.078503	-0.052597	-0.10323	-0.025126	-0.0021176	-0.051012	-0.0072128	0.27317	-0.072738	0.092785	0.01793	-0.020527	0.018812	0.036216	0.0044689	0.038042	0.0059556	0.0073012	-0.014769	0.0024791	-0.0039406	-0.018944	-0.0023877	-0.032745	0.014979	0.030929	-0.0024987	0.056721	0.026839	0.054859	-0.046017	-0.027018	0.018026	-0.055601	0.04656	-0.0055793	0.00048551	-0.028456	0.010612	0.024559	0.011459	-0.03372	-0.011544	-0.0061184	0.010139	-0.0028574	0.03444	-0.014327	0.0024086	0.015142	-0.0055482	0.016915	-0.0073532	-0.0051915	-0.028761	0.031913	-0.020797	0.0008536
0.0041615	0.014401	0.04734	0.01971	0.22554	0.030078	-0.051477	-0.032909	0.0016854	0.01522	-0.034989	0.0035847	-0.030748	-0.020477	-0.0012353	0.0019174	0.00097348	0.011362	-0.065107	-0.031622	0.0016778	-0.028321	0.13377	0.037898	0	0.62556	0.22076	0.0043754	0.0075713	0.022516	0.099433	-0.046932	-0.002169	-0.0015887	0.091053	0.023063	0.038331	5.4564e-05	-0.0079976	-0.0069622	-0.011115	0.017375	0.028665	-0.025263	0.022217	-0.019076	-0.018715	0.011527	-0.053853	0.013383	-0.017377	0.021623	0.012189	-0.012498	0.012834	-0.0048169	-6.172e-05	0.0033835	-0.018753	-0.030874	-0.035859	-0.038976	0.011185	-0.043757	0.047723	0.0073703	0.093669	0.016313	0.00022188	0.0049495	0.014159	0.015965	0.029415	-0.0036111	0.019139	0.013239	0.031325	-0.022311	0.0083849	0.0012236	0.025097	0.012512	-0.019612	0.0047625	0.043696	-0.018993	0.025768	-0.020719	-0.006294	0.0057437	-0.023379	0.024716	-0.012994	-0.02169	0.018242	0.0031088	0.013658	-0.01053	-0.0078625	-0.041483	0.016654	-0.0097801	0.015425	-0.028723	-0.0038369	0.03093	0.0089821	0.00078439	-0.02428	0.0041865	0.005153	-0.0074106	-0.00087407	0.035765	-0.01411	-0.013495
-0.0087821	0.001529	-0.013805	0.026581	0.049762	0.24546	-0.062481	-0.079995	0.060527	0.047141	0.014542	0.016864	-0.021602	-0.0275	0.0054696	0.029914	0.0096839	0.0063601	-0.025717	0.016221	0.028939	0.014624	0.023296	0.13019	0.62556	0	0.02548	0.17926	0.042069	0.003595	0.1183	0.092716	-0.012132	-0.026166	-0.0016047	0.0037449	0.018418	0.015983	-0.01563	0.011042	-0.0064914	0.023232	-0.043338	0.019615	0.0079024	0.0019088	0.011031	-0.0050671	0.023785	-0.011244	0.042313	-0.017621	-0.011958	0.010874	-0.031548	0.015978	0.001551	0.0027571	0.0078551	0.015054	-0.022226	-0.051071	-0.031286	-0.027693	-0.0045217	0.013363	-0.025632	0.093326	-0.0015577	0.00057753	0.0015846	0.052845	0.0095861	0.02209	-0.018567	-0.042067	-0.033982	0.037536	0.0081458	0.025793	0.0057598	0.012414	-0.024837	-0.035504	-0.020479	0.051968	-0.050535	-0.010057	0.0044642	0.0239	-0.0067358	0.002998	0.018384	-0.015685	-0.014413	0.0075738	0.012093	0.013694	-0.0024275	0.010292	0.013794	0.030145	0.02457	0.008776	0.023712	-0.0049427	-0.0091634	0.012923	0.017211	-0.00048761	-0.010583	0.0063431	-0.020364	-0.025615	-0.033958	-0.00042086
0.040171	0.015779	-0.014469	0.0019326	0.18257	-0.036576	-0.021217	0.011615	-0.045817	0.014699	-0.0072625	-0.021846	-0.018807	-0.019061	0.08189	0.015284	-0.023367	-0.0038805	-0.0014898	-0.0076431	0.1287	-0.0023078	-0.011338	0.0064797	0.22076	0.02548	0	0.39785	-0.043414	-0.001353	-0.0095666	-0.013086	-0.034595	0.0043049	0.015211	-0.006342	-0.0046516	0.010277	-0.017026	-0.0053398	-0.031819	-0.010418	0.0031487	-0.03058	-0.023716	-0.038997	0.010324	0.030054	-0.0083205	0.010938	-0.017411	0.031105	-0.01605	-0.027586	0.018397	0.0099364	-0.0031312	0.018522	0.0049437	-0.00045842	-0.028302	0.020097	-0.011723	-0.0059983	-0.010765	0.0083848	0.030999	-0.019025	-0.019254	0.046996	0.03072	-0.0077333	-0.015378	-0.0091342	-0.027553	-0.015523	-0.011918	-0.015354	0.010215	0.055362	0.025933	-0.0046177	-0.0049115	0.00805	0.02142	-0.015496	0.021198	-0.020634	0.010102	0.022626	0.00051653	-0.018098	-0.0038184	-0.038651	0.0036772	-0.012325	-0.0042458	0.013583	0.0045544	0.021036	0.0086509	0.012612	0.016115	0.020419	-0.0065825	0.011587	-0.0053776	0.018795	-0.003246	0.014385	-0.0031976	-0.014804	0.01251	-0.030598	0.0046362	-0.013626
-0.0084944	0.0094203	-0.010567	0.014133	0.045035	0.23579	-0.019133	-0.016515	0.00016119	-0.044096	-0.013187	-0.0052923	-0.05079	-0.020414	0.061749	0.085635	0.012046	-0.0018422	0.00027588	0.024288	-0.012154	0.17796	-0.010622	-0.01314	0.0043754	0.17926	0.39785	0	-0.012688	0.0032129	-0.0095722	-0.016033	-0.0060698	-0.016243	-0.018872	-0.00011538	-0.021166	0.0033688	-0.0178	0.027869	0.00034669	-0.018489	0.0049207	0.035639	-0.011188	0.0013666	-0.0044385	-0.020494	-0.011348	-0.0059368	0.0033211	-0.026453	-0.0061463	0.0066898	0.00086271	0.014858	0.015607	-0.025476	0.020681	0.010527	0.012948	-0.033936	0.023723	0.00061595	-0.0035958	-0.0019095	0.014462	-0.0041012	0.060586	-0.030093	0.0083606	0.03306	0.0033455	-0.0041564	0.011033	-0.0038189	-0.011064	-0.0044429	-0.0088317	0.0018485	0.011083	0.0076097	-0.030236	-0.0058504	-0.020961	0.043581	0.019398	0.015082	0.023193	0.029164	0.018287	-0.024952	-0.022397	0.015662	0.012907	-0.02132	-0.02087	-0.01483	0.0056328	-0.000479	-0.0046898	-0.0093175	0.0016243	-0.014674	0.016286	-0.020141	0.0075251	0.0093402	-0.0054742	-0.00061135	0.0057016	0.0028665	-0.013499	0.017898	-0.0043426	0.010703
0.022301	-0.055433	0.040415	-0.014871	0.027492	-0.017386	0.077604	-0.032111	0.010042	-0.027422	0.23966	-0.011512	0.08294	-0.052526	0.094765	0.0046676	0.2757	-0.0097488	0.077159	0.0019357	0.015564	0.0012935	-0.013488	-0.0082331	0.0075713	0.042069	-0.043414	-0.012688	0	0.31471	0.097509	0.0074906	0.013436	0.04768	-0.010956	-0.025502	0.047785	0.035003	0.008099	0.0030779	0.041312	0.021673	0.02221	-0.030771	0.018097	-0.0016499	-0.0045253	0.015107	0.048525	-0.0062499	-0.032514	-0.0051278	-0.033278	0.038282	-0.0044226	0.0058846	0.015037	-0.037925	0.003292	-0.010535	0.03201	-0.018533	0.060613	0.011248	-0.020587	-0.073784	-0.0031422	-0.040371	0.0070488	-0.0080929	-0.0096556	0.036774	0.19352	0.0017605	0.0019831	0.011514	0.0024035	0.0006839	0.1518	0.021241	0.068087	-0.0083228	0.13654	0.029019	-0.090428	0.023464	-0.052331	-0.029496	-0.0604	0.052115	-0.057428	-0.0011969	-0.016504	-0.023959	0.021241	0.021922	0.021355	0.0347	0.005574	-0.022147	-0.028337	0.024412	-0.0070651	0.032119	0.00086719	-0.0067481	0.0059297	0.041047	-0.035278	0.014493	-0.0053929	0.018611	-0.017039	-0.0046549	0.0048248	-0.00037221
-0.033886	0.0035117	-0.01665	0.0062987	-0.015657	-0.013498	-0.017848	0.036757	-0.017482	-0.034181	0.031738	0.17868	-0.0026241	0.038735	0.029332	0.088697	0.054478	0.18853	0.047626	-0.020636	0.025684	0.050211	0.012149	-0.019514	0.022516	0.003595	-0.001353	0.0032129	0.31471	0	0.083813	0.040832	3.3645e-05	0.02989	-0.060673	-0.0032258	-0.024588	0.0057893	0.012143	-0.01462	-0.023891	0.03593	0.0019275	-0.017709	-0.0012274	0.019234	0.021121	0.055189	-0.0078033	0.0052839	-0.00023289	0.0012232	0.027897	-0.053601	-0.026115	-0.015557	-0.092261	-0.0067023	0.042788	-0.022838	-0.036817	0.024669	-0.012375	0.089343	-0.0090912	-0.017108	-0.022211	0.014721	-0.038445	-0.0049077	0.012832	-0.014843	-0.060539	0.16829	0.019302	0.023196	-0.013861	-0.019796	0.15133	0.21691	-0.0098711	0.023134	0.054818	0.094232	-0.022777	-0.034451	-0.025663	-0.034605	0.01552	-0.080796	-0.0096445	0.0074553	0.0039643	-0.01401	0.008666	0.051574	0.055863	-0.020615	-0.045792	-0.0071802	-0.041501	0.0002829	-0.00062229	-0.012798	-0.009609	-0.034126	0.015062	0.0022688	-0.020967	0.071827	0.017131	-0.0049449	0.00090548	-0.028942	0.0283	0.0051235
-0.0094176	-0.010507	2.206e-05	-0.041404	0.035767	0.028119	0.012161	-0.044899	-0.00092148	-0.023884	0.006625	0.009993	0.01365	-0.0056444	0.0067599	-0.01365	0.045515	0.0042358	0.018299	-0.025148	0.064967	0.013224	0.20637	0.081202	0.099433	0.1183	-0.0095666	-0.0095722	0.097509	0.083813	0	0.56683	0.20376	0.069792	0.013407	-0.013397	0.011006	-0.014016	-0.011835	0.023472	0.028631	-0.019397	0.0051829	-0.025941	-0.0039657	0.0093513	0.0056665	0.037357	-0.031879	-0.0084633	-0.033516	-0.011257	0.0016855	-0.010096	-0.018443	0.020056	0.019761	0.031309	-0.041664	-0.030203	0.012641	-0.011038	0.0063244	0.035057	0.0081929	-0.056252	3.8835e-07	0.0090667	-0.028079	-0.0020591	0.095862	0.054911	-0.026757	-0.0062949	0.014154	-0.011853	-0.0013647	-0.0079972	0.010219	-0.0014718	0.00091101	-0.01771	-0.018245	-0.031523	0.00067459	-0.052149	-0.032911	-0.0085254	-0.011581	0.0019932	0.01991	0.0093231	-0.060259	-0.02624	-0.012973	-0.0036754	0.0074094	-0.020271	-0.020701	-0.015354	0.015891	0.0022603	-0.019543	-0.022931	-0.013738	0.013009	0.015332	0.048933	-0.012365	0.033407	-0.0044336	0.0005487	0.015695	-0.015067	-0.015567	0.014879
-0.02643	0.031983	0.01522	0.052576	0.00091237	-0.0037367	-0.0082412	0.029661	-0.026176	-0.017294	0.0030415	0.0071188	0.035869	0.016372	-0.0013587	0.0066374	0.039669	0.053392	-0.059669	-0.0030517	0.033485	0.069651	0.077138	0.16037	-0.046932	0.092716	-0.013086	-0.016033	0.0074906	0.040832	0.56683	0	-0.018997	0.22941	-0.026925	0.0033614	0.02844	0.074454	0.012314	-0.014904	-0.017841	-0.019346	-0.01511	0.048449	0.033291	-0.015138	-0.031719	0.0030466	0.0175	0.024419	0.021539	0.0096743	0.029951	0.0025693	-0.011957	-0.018496	-0.0065688	0.010827	0.055254	-0.0017768	-0.060017	-0.02258	0.006933	-0.012892	-0.036584	-0.02228	-0.031859	0.0064792	-0.0066377	0.0031569	0.073068	0.066502	-0.025996	0.022863	0.041592	0.0029868	0.0048178	-0.021341	-0.024126	-0.039989	-0.022755	0.025249	-0.020355	-0.0099215	-0.050888	-0.010567	0.015031	0.045775	0.02141	-0.051985	0.033444	-0.00037094	0.028153	-0.010028	-0.019076	-0.0047283	-0.0077287	0.025733	0.014796	-0.031306	-0.023504	0.0064805	0.015853	0.010455	0.022592	-0.0022653	0.0016313	-0.016377	0.011915	-0.016418	-0.0017052	0.015729	-0.0048305	-0.042839	0.0041553	0.017873
-0.021387	-0.032545	0.035488	-0.053424	0.05279	-0.01479	0.099668	-0.02473	-0.015431	0.014162	0.036162	-0.041517	0.047891	-0.055646	-0.030999	-0.001058	-0.036478	0.0011814	0.1219	-0.017382	-0.019499	0.0085781	0.09133	-0.043401	-0.002169	-0.012132	-0.034595	-0.0060698	0.013436	3.3645e-05	0.20376	-0.018997	0	0.71097	0.1881	-0.059916	0.013981	0.0082942	0.02662	0.0081011	0.012478	-0.031978	-0.006806	0.0071606	0.0039827	0.048795	0.0094389	-0.03957	0.024172	-0.040125	-0.051389	-0.022679	-0.0043431	-0.010435	-0.035555	0.020651	0.024017	-0.011035	0.019491	-0.0145	0.1278	0.084337	0.059557	0.029474	0.043263	-0.030592	0.17714	0.041416	0.061523	0.015017	0.013178	-0.032262	0.050026	-0.021007	0.029486	-0.0027399	0.059409	0.03016	-0.0021773	0.052449	0.0090403	0.0033596	-0.014222	0.019925	0.0092309	-0.021293	-0.00046647	-0.0054992	-0.011184	-0.0027133	-0.011041	0.015149	-0.023668	0.0086195	-0.023201	0.0038117	0.02149	0.014082	0.0046334	-0.0073331	-0.014284	-0.0039869	-0.015692	0.024412	-0.0035236	0.010231	-0.026293	-0.021608	0.015402	-0.00761	-0.035249	0.018758	0.012279	-0.0025898	0.024767	-0.028079
-0.036227	-0.010919	-0.014927	0.026669	-0.0083373	0.018863	-0.036724	0.060637	0.00062502	-0.016246	0.026941	0.044407	-0.006971	-0.0010411	-0.025152	-0.031251	0.026461	0.029885	0.03297	0.14396	0.0011134	-0.023092	0.052445	0.025992	-0.0015887	-0.026166	0.0043049	-0.016243	0.04768	0.02989	0.069792	0.22941	0.71097	0	0.022194	0.11788	-0.02685	0.041054	-0.0087885	0.0071082	-0.021156	-0.0024743	-0.0067531	0.0032632	-0.012385	0.042649	-0.023672	0.018789	-0.0094551	0.025562	-0.00097208	-0.021039	0.0055396	-0.021961	-0.007866	-0.028862	-0.036796	-0.02203	-0.0048243	-0.002824	-0.040027	0.029876	0.0050674	0.047568	0.0035267	0.046768	-0.037409	0.10317	-0.038587	0.088368	-0.054774	0.0017481	-0.0053439	0.034315	-0.015701	0.035609	-0.029118	0.041366	-0.0064411	-0.035352	0.01502	-0.0012014	0.030678	-0.010548	0.017515	-0.018079	0.014347	0.019098	-0.02496	-0.016628	-0.0093635	-0.0052934	-0.013215	-0.0010019	0.0090997	-0.017558	-0.030218	0.030025	0.0027448	0.010117	0.032631	0.011702	0.021304	-0.0050978	0.0025492	-0.0077059	0.026795	-0.003163	-0.0014132	0.0031656	0.025358	-0.025363	-0.012253	0.010858	-0.0038605	0.037389
-0.042127	-0.034656	0.012438	-0.018373	-0.016564	-0.035346	0.02198	-0.0031724	0.0042071	-0.016173	-0.0013713	-0.011377	0.0068671	0.0026823	0.026572	0.018452	0.0007228	0.0098369	-0.028519	-6.4236e-05	-0.0013656	-0.0087444	0.068691	-0.013952	0.091053	-0.0016047	0.015211	-0.018872	-0.010956	-0.060673	0.013407	-0.026925	0.1881	0.022194	0	0.63814	0.050395	0.0019104	-0.0034737	0.020628	-0.039068	0.023621	0.033449	0.016916	0.0095841	-0.013276	0.031312	-0.025475	-0.03429	-0.021365	-0.023216	0.0093553	-0.023367	0.013502	0.049906	-0.00036891	-0.0073512	-0.014752	0.015113	-0.040475	0.040848	-0.029539	-0.01612	-0.027975	0.11209	0.008131	0.2591	0.077968	0.021404	-0.01794	-0.011925	0.03728	-0.0029648	-0.033294	0.020732	0.021341	0.078924	0.058954	0.015825	-0.0067389	-0.015081	0.0030854	-0.0043028	0.013402	0.026617	-0.017003	0.013853	-0.0077707	-0.037506	0.034303	0.014401	0.014841	-0.0078736	0.0025678	0.015898	0.0030838	-0.02147	-0.0064491	-0.012246	-0.015299	-0.025314	0.014848	-0.001869	0.03888	0.025638	0.02208	-0.017314	-0.0063195	-0.018676	-0.0086779	-0.00069512	0.0036523	0.010239	0.018062	-0.030317	-0.010804
